0.0
0.0
0.0
0.0
0.0
0.0
0.0
0.0
0.0
0.0
0.0
0.0
0.0
0.0
0.0
0.0
0.0
0.0
0.0
0.0
0.0
0.0
0.0
0.0
0.0
0.0
0.0
0.0
0.0
0.0
0.0
0.0
0.0
0.0
0.0
0.0
0.0
0.0
0.0
0.0
0.0
0.0
0.0
0.0
0.0
0.0
0.0
0.0
0.0
0.0
0.0
0.0
0.0
0.0
0.0
0.0
0.0
0.0
0.0
0.0
0.0
0.0
0.0
0.0
0.0
0.0
0.0
0.0
0.0
0.0
0.0
0.0
0.0
0.0
0.0
0.0
0.0
0.0
0.0
0.0
0.0
0.0
0.0
0.0
0.0
0.0
0.0
0.0
0.0
0.0
0.0
0.0
0.0
0.0
0.0
0.0
0.0
0.0
0.0009090909264003388
0.0009000000171363354
0.0009000000171363354
0.0009000000171363354
0.0019000000320374966
0.0019000000320374966
0.0019000000320374966
0.0019000000320374966
0.0029000000469386576
0.003900000061839819
0.00490000007674098
0.00490000007674098
0.00490000007674098
0.00490000007674098
0.005800000093877315
0.005800000093877315
0.005800000093877315
0.005800000093877315
0.005800000093877315
0.005800000093877315
0.005800000093877315
0.005800000093877315
0.005800000093877315
0.005800000093877315
0.005800000093877315
0.005800000093877315
0.005800000093877315
0.005800000093877315
0.006700000111013651
0.006700000111013651
0.006700000111013651
0.007600000128149986
0.007600000128149986
0.007600000128149986
0.007600000128149986
0.008500000145286322
0.008500000145286322
0.008500000145286322
0.008500000145286322
0.008500000145286322
0.008500000145286322
0.008500000145286322
0.008500000145286322
0.008500000145286322
0.008500000145286322
0.008500000145286322
0.008500000145286322
0.008500000145286322
0.008500000145286322
0.008500000145286322
0.008500000145286322
0.008500000145286322
0.009400000162422657
0.009400000162422657
0.009400000162422657
0.009400000162422657
0.009400000162422657
0.009400000162422657
0.009400000162422657
0.009400000162422657
0.010300000179558993
0.010300000179558993
0.010300000179558993
0.010300000179558993
0.010300000179558993
0.010300000179558993
0.010300000179558993
0.010300000179558993
0.010300000179558993
0.010300000179558993
0.010300000179558993
0.010300000179558993
0.010300000179558993
0.010300000179558993
0.010300000179558993
0.010300000179558993
0.010300000179558993
0.010300000179558993
0.010300000179558993
0.010300000179558993
0.010300000179558993
0.010300000179558993
0.010300000179558993
0.011200000196695328
0.011200000196695328
0.011200000196695328
0.011200000196695328
0.011200000196695328
0.011200000196695328
0.011200000196695328
0.011200000196695328
0.011200000196695328
0.011200000196695328
0.011200000196695328
0.011200000196695328
0.011200000196695328
0.011200000196695328
0.012100000213831664
0.012100000213831664
0.013000000230968
0.012100000213831664
0.012100000213831664
0.012100000213831664
0.012100000213831664
0.011100000198930503
0.011100000198930503
0.011100000198930503
0.012000000216066837
0.011900000218302011
0.01090000020340085
0.010800000205636024
0.010800000205636024
0.010800000205636024
0.01170000022277236
0.01170000022277236
0.012600000239908695
0.013500000257045031
0.014500000271946192
0.014500000271946192
0.014500000271946192
0.015400000289082528
0.01630000030621886
0.01630000030621886
0.017300000321120022
0.017300000321120022
0.017300000321120022
0.017300000321120022
0.018300000336021183
0.018300000336021183
0.01920000035315752
0.01920000035315752
0.019300000350922344
0.02020000036805868
0.02020000036805868
0.02020000036805868
0.02030000036582351
0.02130000038072467
0.02130000038072467
0.02230000039562583
0.023300000410526992
0.023300000410526992
0.024300000425428153
0.024300000425428153
0.025300000440329314
0.025300000440329314
0.025300000440329314
0.025300000440329314
0.026300000455230475
0.027300000470131636
0.027300000470131636
0.028300000485032797
0.028300000485032797
0.027400000467896462
0.027400000467896462
0.028400000482797623
0.028400000482797623
0.028400000482797623
0.029400000497698784
0.029400000497698784
0.029400000497698784
0.02850000048056245
0.02950000049546361
0.02950000049546361
0.03050000051036477
0.03050000051036477
0.031500000525265935
0.03250000054016709
0.03340000055730343
0.034300000574439764
0.034300000574439764
0.0352000005915761
0.03620000060647726
0.037200000621378425
0.03810000063851476
0.039000000655651096
0.04000000067055225
0.04090000068768859
0.04090000068768859
0.041800000704824924
0.042700000721961257
0.042700000721961257
0.042700000721961257
0.04370000073686242
0.04380000073462725
0.044700000751763586
0.04570000076666474
0.04570000076666474
0.04570000076666474
0.04660000078380108
0.04660000078380108
0.047500000800937414
0.04850000081583858
0.04940000083297491
0.050400000847876075
0.05140000086277723
0.0524000008776784
0.05440000090748072
0.054500000905245545
0.05540000092238188
0.0555000009201467
0.05640000093728304
0.057300000954419374
0.057300000954419374
0.05830000096932054
0.05920000098645687
0.05920000098645687
0.060200001001358035
0.060200001001358035
0.06030000099912286
0.06120000101625919
0.06130000101402402
0.06230000102892518
0.06320000104606152
0.06320000104606152
0.06230000102892518
0.06140000101178884
0.06150000100955367
0.06050000099465251
0.06050000099465251
0.06050000099465251
0.06060000099241734
0.06060000099241734
0.06150000100955367
0.06050000099465251
0.06050000099465251
0.06050000099465251
0.06140000101178884
0.06140000101178884
0.06140000101178884
0.06140000101178884
0.06230000102892518
0.06220000103116036
0.06130000101402402
0.06130000101402402
0.06230000102892518
0.06220000103116036
0.06120000101625919
0.06210000103339553
0.06110000101849437
0.06110000101849437
0.06210000103339553
0.06210000103339553
0.06310000104829669
0.06300000105053187
0.06400000106543302
0.06500000108033419
0.06600000109523535
0.06590000109747052
0.0658000010997057
0.06670000111684203
0.06570000110194087
0.06570000110194087
0.06670000111684203
0.06760000113397836
0.06750000113621354
0.06750000113621354
0.06840000115334988
0.06740000113844871
0.06830000115558504
0.06830000115558504
0.06830000115558504
0.06820000115782023
0.06820000115782023
0.06810000116005539
0.06900000117719174
0.0689000011794269
0.06880000118166209
0.0689000011794269
0.06800000116229057
0.06900000117719174
0.06900000117719174
0.0689000011794269
0.0689000011794269
0.0689000011794269
0.06800000116229057
0.06790000116452574
0.06790000116452574
0.06790000116452574
0.06790000116452574
0.06700000114738941
0.06800000116229057
0.06900000117719174
0.06800000116229057
0.06700000114738941
0.06710000114515424
0.06710000114515424
0.06710000114515424
0.06710000114515424
0.0662000011280179
0.06710000114515424
0.06720000114291906
0.06720000114291906
0.06720000114291906
0.06720000114291906
0.06720000114291906
0.0662000011280179
0.06420000109821558
0.06420000109821558
0.06330000108107925
0.06330000108107925
0.06240000106394291
0.06150000104680657
0.06250000106170774
0.06240000106394291
0.06250000106170774
0.06250000106170774
0.06250000106170774
0.06250000106170774
0.06150000104680657
0.0616000010445714
0.06060000102967024
0.060500001031905414
0.06060000102967024
0.0597000010125339
0.060700001027435065
0.060700001027435065
0.060700001027435065
0.060700001027435065
0.060700001027435065
0.06270000105723739
0.06260000105947255
0.06260000105947255
0.06260000105947255
0.06260000105947255
0.06260000105947255
0.06260000105947255
0.06270000105723739
0.06260000105947255
0.06270000105723739
0.06270000105723739
0.06280000105500222
0.06590000109747052
0.06590000109747052
0.06680000111460686
0.06680000111460686
0.06690000111237168
0.06780000112950801
0.06780000112950801
0.06780000112950801
0.0677000011317432
0.06670000111684203
0.06670000111684203
0.06660000111907721
0.06670000111684203
0.06660000111907721
0.06650000112131238
0.06650000112131238
0.06650000112131238
0.06660000111907721
0.06670000111684203
0.0677000011317432
0.06870000114664436
0.06860000114887953
0.06870000114664436
0.06870000114664436
0.06970000116154551
0.06970000116154551
0.07060000117868186
0.07070000117644668
0.07170000119134784
0.07260000120848417
0.072700001206249
0.072700001206249
0.07180000118911266
0.07180000118911266
0.07090000117197633
0.07000000115484
0.06990000115707516
0.07090000117197633
0.07090000117197633
0.07000000115484
0.07010000115260481
0.06910000113770366
0.06920000113546848
0.07020000115036965
0.07030000114813446
0.06940000113099813
0.06940000113099813
0.0685000011138618
0.06940000113099813
0.06940000113099813
0.06840000111609697
0.06840000111609697
0.06840000111609697
0.06830000111833215
0.06830000111833215
0.06920000113546848
0.07010000115260481
0.07100000116974116
0.07010000115260481
0.06910000113770366
0.0681000011228025
0.06720000110566617
0.066200001090765
0.066200001090765
0.066200001090765
0.06720000110566617
0.06710000110790133
0.06710000110790133
0.06610000109300017
0.06700000112876296
0.06700000112876296
0.0660000011138618
0.06610000111162663
0.0660000011138618
0.06700000112876296
0.0660000011138618
0.0660000011138618
0.06700000112876296
0.0660000011138618
0.0660000011138618
0.06610000111162663
0.06510000109672547
0.06610000111162663
0.0660000011138618
0.06700000112876296
0.06700000112876296
0.0679000011458993
0.06880000116303563
0.06780000114813448
0.0679000011458993
0.06800000114366413
0.06710000112652778
0.06800000114366413
0.06890000116080046
0.06990000117570162
0.06990000117570162
0.06990000117570162
0.06980000117793679
0.06890000116080046
0.06890000116080046
0.06490000110119581
0.06580000111833215
0.06580000111833215
0.06570000112056733
0.06470000110566616
0.06480000110343098
0.06480000110343098
0.06570000112056733
0.06580000111833215
0.06680000113323331
0.06680000113323331
0.06690000113099813
0.06590000111609698
0.06590000111609698
0.0660000011138618
0.06590000111609698
0.0660000011138618
0.06590000111609698
0.06490000110119581
0.06490000110119581
0.06480000110343098
0.06490000110119581
0.06390000108629465
0.06390000108629465
0.06390000108629465
0.06300000106915832
0.06310000106692314
0.06210000105202198
0.06210000105202198
0.062200001049786804
0.06320000106468797
0.06320000106468797
0.06320000106468797
0.06320000106468797
0.06320000106468797
0.06320000106468797
0.06330000106245279
0.06320000106468797
0.062200001049786804
0.06320000106468797
0.06320000106468797
0.06320000106468797
0.06320000106468797
0.06310000106692314
0.06310000106692314
0.06310000106692314
0.0641000010818243
0.06510000109672547
0.06510000109672547
0.06510000109672547
0.06610000111162663
0.06710000112652778
0.06810000114142895
0.06820000113919378
0.06820000113919378
0.0683000011369586
0.06840000113472343
0.06750000111758708
0.06750000111758708
0.06750000111758708
0.06950000114738941
0.07050000116229058
0.07050000116229058
0.07040000116452574
0.07130000118166208
0.07120000118389726
0.07120000118389726
0.07220000119879842
0.07420000122860074
0.07330000119283796
0.07330000119283796
0.07430000120773911
0.07430000120773911
0.07340000119060278
0.07240000117570161
0.07240000117570161
0.07250000117346644
0.07240000117570161
0.07340000119060278
0.07340000119060278
0.07330000119283796
0.07330000119283796
0.07230000117793679
0.07140000116080046
0.0704000011458993
0.06940000113099813
0.06950000112876296
0.06950000112876296
0.06950000112876296
0.0685000011138618
0.0685000011138618
0.06950000112876296
0.06860000111162662
0.06860000111162662
0.06760000109672547
0.06750000109896064
0.06750000109896064
0.06860000111162662
0.06860000111162662
0.0685000011138618
0.06950000112876296
0.06960000112652778
0.06960000112652778
0.06960000112652778
0.07060000114142895
0.07060000114142895
0.07070000113919378
0.07070000113919378
0.07070000113919378
0.07070000113919378
0.07070000113919378
0.07060000114142895
0.07160000115633011
0.07160000115633011
0.07160000115633011
0.07070000113919378
0.06970000112429262
0.0708000011369586
0.07180000115185976
0.0708000011369586
0.0708000011369586
0.06980000112205743
0.0708000011369586
0.06990000111982227
0.06990000111982227
0.06990000111982227
0.0689000011049211
0.0689000011049211
0.0689000011049211
0.06790000109001994
0.06590000106021762
0.06590000106021762
0.06590000106021762
0.06600000105798244
0.06600000105798244
0.06600000105798244
0.06600000105798244
0.06510000104084611
0.06610000105574727
0.06510000104084611
0.06410000102594494
0.06410000102594494
0.06410000102594494
0.06420000102370978
0.06520000103861094
0.06620000105351209
0.06620000105351209
0.06620000105351209
0.06620000105351209
0.06620000105351209
0.06620000105351209
0.06620000105351209
0.06520000103861094
0.06420000102370978
0.06410000102594494
0.06410000102594494
0.06410000102594494
0.06500000104308129
0.06600000105798244
0.0670000010728836
0.06600000105798244
0.06600000105798244
0.0670000010728836
0.0670000010728836
0.06710000107064844
0.06720000106841326
0.06730000106617809
0.06630000105127692
0.0643000010214746
0.0643000010214746
0.06530000103637576
0.06530000103637576
0.06530000103637576
0.06630000105127692
0.06630000105127692
0.06730000106617809
0.06630000105127692
0.06540000103414059
0.06530000103637576
0.06630000105127692
0.06630000105127692
0.06730000106617809
0.06830000108107924
0.06830000108107924
0.06830000108107924
0.06920000109821559
0.06820000108331442
0.06920000109821559
0.06910000110045075
0.07000000111758709
0.07000000111758709
0.06900000110268593
0.06900000110268593
0.06910000110045075
0.07010000111535192
0.07020000111311674
0.07030000111088157
0.0693000010959804
0.0693000010959804
0.07030000111088157
0.0693000010959804
0.0693000010959804
0.06940000109374524
0.06950000109151006
0.06950000109151006
0.06950000109151006
0.06950000109151006
0.06960000108927489
0.06960000108927489
0.06960000108927489
0.06960000108927489
0.0697000010870397
0.0697000010870397
0.06980000108480454
0.06980000108480454
0.07080000109970569
0.07180000111460685
0.07080000109970569
0.07080000109970569
0.07180000111460685
0.07190000111237169
0.07290000112727285
0.07290000112727285
0.073900001142174
0.073900001142174
0.07490000115707517
0.0769000011868775
0.07790000120177865
0.07790000120177865
0.07890000121667981
0.07990000123158097
0.08090000124648214
0.08190000126138329
0.08190000126138329
0.08290000127628445
0.08390000129118562
0.08390000129118562
0.08490000130608678
0.08490000130608678
0.08590000132098793
0.0869000013358891
0.08790000135079026
0.08790000135079026
0.08790000135079026
0.0869000013358891
0.0869000013358891
0.0869000013358891
0.0869000013358891
0.08700000133365393
0.08700000133365393
0.08700000133365393
0.08700000133365393
0.08800000134855508
0.08900000136345625
0.08910000136122108
0.08910000136122108
0.08910000136122108
0.08910000136122108
0.08910000136122108
0.08910000136122108
0.08910000136122108
0.08910000136122108
0.08910000136122108
0.0892000013589859
0.0892000013589859
0.0892000013589859
0.0892000013589859
0.09020000137388706
0.0911000013910234
0.09210000140592456
0.09210000140592456
0.09200000140815973
0.09200000140815973
0.09200000140815973
0.09300000142306089
0.09300000142306089
0.09400000143796206
0.09500000145286322
0.09510000145062804
0.09500000145286322
0.09500000145286322
0.09500000145286322
0.09500000145286322
0.09600000146776438
0.09700000148266553
0.09710000148043037
0.09810000149533153
0.09710000148043037
0.09720000147819519
0.09730000147596002
0.09730000147596002
0.09830000149086118
0.09930000150576233
0.09930000150576233
0.09930000150576233
0.09930000150576233
0.09930000150576233
0.09930000150576233
0.1003000015206635
0.09940000150352717
0.10040000151842833
0.10040000151842833
0.10040000151842833
0.10040000151842833
0.10040000151842833
0.10040000151842833
0.10040000151842833
0.10040000151842833
0.10040000151842833
0.10040000151842833
0.10040000151842833
0.10040000151842833
0.10040000151842833
0.10040000151842833
0.10040000151842833
0.10040000151842833
0.10040000151842833
0.10040000151842833
0.10040000151842833
0.10040000151842833
0.10040000151842833
0.10040000151842833
0.10040000151842833
0.10040000151842833
0.10040000151842833
0.10040000151842833
0.09940000150352717
0.09940000150352717
0.09940000150352717
0.09940000150352717
0.09940000150352717
0.09930000150576233
0.09930000150576233
0.09930000150576233
0.09930000150576233
0.09930000150576233
0.09930000150576233
0.09930000150576233
0.09930000150576233
0.09930000150576233
0.09930000150576233
0.09930000150576233
0.09930000150576233
0.09930000150576233
0.09930000150576233
0.09930000150576233
0.09930000150576233
0.09930000150576233
0.09930000150576233
0.09930000150576233
0.09920000150799752
0.09920000150799752
0.09920000150799752
0.09920000150799752
0.09920000150799752
0.09920000150799752
0.09920000150799752
0.09920000150799752
0.09920000150799752
0.09920000150799752
0.09920000150799752
0.09920000150799752
0.09920000150799752
0.09920000150799752
0.09920000150799752
0.09920000150799752
0.09920000150799752
0.09920000150799752
0.1003000015206635
0.10020000152289868
0.10020000152289868
0.1003000015206635
0.1003000015206635
0.1003000015206635
0.1003000015206635
0.10020000152289868
0.10010000152513385
0.10000000152736903
0.0999000015296042
0.10000000152736903
0.10010000152513385
0.10000000152736903
0.10000000152736903
0.10100000154227018
0.10100000154227018
0.10100000154227018
0.10100000154227018
0.10110000154003501
0.10110000154003501
0.10110000154003501
0.10110000154003501
0.10210000155493618
0.10210000155493618
0.10200000155717134
0.10200000155717134
0.10300000157207251
0.10300000157207251
0.10300000157207251
0.10300000157207251
0.10300000157207251
0.10300000157207251
0.10300000157207251
0.10300000157207251
0.10300000157207251
0.10300000157207251
0.10300000157207251
0.10300000157207251
0.10300000157207251
0.10300000157207251
0.10400000158697367
0.10500000160187482
0.10600000161677599
0.10600000161677599
0.10600000161677599
0.10600000161677599
0.10700000163167715
0.10700000163167715
0.10800000164657832
0.10800000164657832
0.10800000164657832
0.10800000164657832
0.10800000164657832
0.10700000163167715
0.10900000166147947
0.10900000166147947
0.10900000166147947
0.10900000166147947
0.10900000166147947
0.10900000166147947
0.10890000166371465
0.11090000169351696
0.1110000016912818
0.1110000016912818
0.1110000016912818
0.1110000016912818
0.1110000016912818
0.1110000016912818
0.1110000016912818
0.1110000016912818
0.1110000016912818
0.1110000016912818
0.1110000016912818
0.1110000016912818
0.1110000016912818
0.1110000016912818
0.1110000016912818
0.11200000170618296
0.11200000170618296
0.11200000170618296
0.11190000170841813
0.11200000170618296
0.11200000170618296
0.11300000172108411
0.1129000017233193
0.1129000017233193
0.11390000173822046
0.11690000178292394
0.1160000017657876
0.1160000017657876
0.1160000017657876
0.11700000178068876
0.11700000178068876
0.11800000179558992
0.11900000181049109
0.11900000181049109
0.11900000181049109
0.11900000181049109
0.11900000181049109
0.11800000179558992
0.11810000179335475
0.11800000179558992
0.12000000182539225
0.12000000182539225
0.12000000182539225
0.11990000182762742
0.12000000182539225
0.11910000180825592
0.11910000180825592
0.11920000180602074
0.11910000180825592
0.12010000182315707
0.12010000182315707
0.1221000018529594
0.12110000183805823
0.1221000018529594
0.12200000185519456
0.12300000187009573
0.12200000185519456
0.12300000187009573
0.12300000187009573
0.12300000187009573
0.12200000185519456
0.12200000185519456
0.12310000186786056
0.12410000188276171
0.12310000186786056
0.12310000186786056
0.12410000188276171
0.12410000188276171
0.12410000188276171
0.12410000188276171
0.1271000019274652
0.12910000195726754
0.13010000197216867
0.13010000197216867
0.13000000197440387
0.13000000197440387
0.13000000197440387
0.13100000198930503
0.13000000197440387
0.1290000019595027
0.1290000019595027
0.12890000196173787
0.12990000197663903
0.12890000196173787
0.1279000019468367
0.1279000019468367
0.1279000019468367
0.12780000194907187
0.12880000196397304
0.12880000196397304
0.12870000196620823
0.12970000198110937
0.12770000195130707
0.12970000198110937
0.12960000198334456
0.12960000198334456
0.13060000199824573
0.1305000020004809
0.1305000020004809
0.12850000197067857
0.12850000197067857
0.12850000197067857
0.12840000197291374
0.1294000019878149
0.1324000020325184
0.1324000020325184
0.13340000204741956
0.13440000206232072
0.1343000020645559
0.13530000207945705
0.13530000207945705
0.13530000207945705
0.13530000207945705
0.1343000020645559
0.13420000206679106
0.1332000020518899
0.13420000206679106
0.13420000206679106
0.13630000209435822
0.1362000020965934
0.1362000020965934
0.13520000208169222
0.13530000207945705
0.13630000209435822
0.13530000207945705
0.13330000204965473
0.1343000020645559
0.13830000212416052
0.13830000212416052
0.13730000210925936
0.13730000210925936
0.13930000213906168
0.13820000212639572
0.13920000214129685
0.13920000214129685
0.14120000217109918
0.1432000022009015
0.1432000022009015
0.1432000022009015
0.1432000022009015
0.14120000217109918
0.1432000022009015
0.146200002245605
0.17130000261589884
0.17930000273510813
0.1803000027500093
0.18240000277757645
0.18240000277757645
0.18250000277534129
0.18150000276044012
0.1806000027433038
0.19460000295192004
0.19460000295192004
0.19360000293701887
0.19270000291988254
0.19170000290498138
0.19270000291988254
0.19170000290498138
0.19170000290498138
0.19360000293701887
0.1956000029668212
0.1956000029668212
0.19460000295192004
0.19860000301152467
0.19860000301152467
0.19960000302642583
0.19860000301152467
0.19860000301152467
0.20560000311583282
0.20560000311583282
0.20560000311583282
0.20560000311583282
0.21160000320523978
0.21660000327974557
0.22070000333711504
0.2217000033520162
0.23670000357553364
0.23570000356063248
0.23570000356063248
0.2477000037394464
0.24670000372454523
0.24680000372231006
0.2458000037074089
0.2477000037394464
0.2477000037394464
0.24870000375434756
0.25070000378414986
0.26280000396072867
0.26280000396072867
0.2638000039756298
0.2679000040329993
0.2679000040329993
0.2879000043310225
0.28580000430345537
0.2968000044859946
0.30480000460520384
0.30780000464990737
0.3079000046476722
0.308000004645437
0.30900000466033817
0.32500000489875674
0.3280000049434602
0.3271000049263239
0.3491000052541494
0.34610000520944595
0.35610000535845754
0.3551000053435564
0.365100005492568
0.3692000055499375
0.36820000553503635
0.3872000058181584
0.3872000058181584
0.38710000582039356
0.390100005865097
0.39120000587776305
0.4042000060714781
0.4042000060714781
0.4042000060714781
0.40820000613108276
0.4083000061288476
0.42930000644177196
0.42930000644177196
0.454300006814301
0.45330000679939986
0.45330000679939986
0.4773000071570277
0.4773000071570277
0.47430000711232423
0.4983000074699521
0.5013000075146556
